0.25,0.03151092797302655,0.0003851263661950744
0.5,0.03216775839063153,0.000407716944865006
0.75,0.03188914110043338,0.0004438032579794454
1,0.03098222402486343,0.0004670397393749975
1.25,0.03093298661303126,0.0004393960079411454
1.5,0.03179017366751314,0.0003675470781547979
1.75,0.03184189180948691,0.0002937391137984898
2,0.03058835473322345,0.0002425444753700871
2.25,0.02990241532384358,0.0002070922771181921
2.5,0.03089844768203503,0.0001908183477087399
2.75,0.03171841348150181,0.000231138641657793
3,0.03051933377514666,0.0003624216991472647
3.25,0.0289156733853108,0.0005842245404186101
3.5,0.0295806471604274,0.0009095259512082153
3.75,0.03152121244791106,0.001438173181444843
4,0.03128209831793578,0.002326614662080545
4.25,0.02869892157393079,0.003659114370448324
4.5,0.02742437028830626,0.00540888316129947
4.75,0.02862763247071307,0.00761545886870109
5,0.02836033100441956,0.01061291901424439
5.25,0.02380138351567308,0.01500767655038916
5.5,0.01819332744580371,0.02136974912630497
5.75,0.01513990048523174,0.02996544456657924
6,0.01079407855640897,0.04081418069090231
6.25,-0.002253260513791578,0.05389471421032673
6.5,-0.02419301642139853,0.06905386816163164
6.75,-0.04815018297348368,0.08553215783079839
7,-0.07260714091614245,0.1016571679883566
7.25,-0.1059087922007458,0.1153417389109205
7.5,-0.153017330004955,0.1252682369245655
7.75,-0.2040749902685026,0.1317542150919386
8,-0.2452599052404602,0.136318301100008
8.25,-0.278766529444707,0.1401101325980844
8.5,-0.3213986628065795,0.1426118432000322
8.75,-0.380729864633765,0.1419975152585432
9,-0.442303535083748,0.1370089049807356
9.25,-0.4873748424269558,0.1285759819573036
9.5,-0.5166549528831533,0.1194733489091948
9.75,-0.5468029009606413,0.1122233599739852
10,-0.5862546192659099,0.1072809099314857
10.25,-0.6257359589818982,0.1032106686286691
10.5,-0.6547413604924065,0.09840721204598796
10.75,-0.6768905635543214,0.09239662155752124
11,-0.7019922133852636,0.08559203924091999
11.25,-0.7298452969967619,0.0783433667688256
11.5,-0.7516050788272654,0.07068962526255176
11.75,-0.7649176919545481,0.06287422301497869
12,-0.7778857041416259,0.05550599561250134
12.25,-0.7963108082145953,0.04892419684470126
12.5,-0.8153129259021625,0.04274056186391247
12.75,-0.8280921288021395,0.03645052050414569
13,-0.8367836344923372,0.0304220802995759
13.25,-0.8482036713953375,0.02581650814504663
13.5,-0.8624738480338683,0.02333357930202388
13.75,-0.8732653024328994,0.02232999713910091
14,-0.8784774680615803,0.02147051886765334
14.25,-0.8833225190818806,0.02009813630495515
14.5,-0.8910372518916643,0.01863948991794436
14.75,-0.8969478013664823,0.01772604443610824
15,-0.8957464347706428,0.01735505554075482
15.25,-0.8899894203428805,0.01713821582503761
15.5,-0.8859854898132989,0.01707694215153216
15.75,-0.8839108419888975,0.01768383745184039
16,-0.878151072008297,0.01933829500587858
16.25,-0.8670245339623535,0.02182932984407155
16.5,-0.8559805121577903,0.02465406179133423
16.75,-0.849221104284278,0.02755876532855048
17,-0.8433489740328354,0.03060584976501999
17.25,-0.8330971095733589,0.03381798791193606
17.5,-0.8198227560512807,0.03695831667138456
17.75,-0.8094609401520384,0.03966770291687548
18,-0.8036177346552681,0.0416989523047039
18.25,-0.7978040878071335,0.04302159852023619
18.5,-0.788821059184957,0.04381905510595653
18.75,-0.7791623890908074,0.04439059475460024
19,-0.7720801424084989,0.04491024308026805
19.25,-0.7660131398738883,0.04521300778790911
19.5,-0.757165767662256,0.04493532211327626
19.75,-0.7453636963115279,0.04396535057103775
20,-0.7335873267172804,0.04265935928210502
20.25,-0.7224684215813713,0.04147786846761284
20.5,-0.709007845008969,0.04046992161542117
20.75,-0.6914776364968397,0.03929840004574552
21,-0.6726671103254661,0.03779625704487882
21.25,-0.6567814736709534,0.03632800208430598
21.5,-0.6450526617178166,0.03551134977337511
21.75,-0.6357992327058574,0.03570441409467041
22,-0.6270439717718273,0.03688320354032549
22.25,-0.6173501339703319,0.03891860666581218
22.5,-0.6056445458510114,0.04178431846818527
22.75,-0.5925132032973853,0.04548732143052653
23,-0.5807002011809302,0.04995703653740407
23.25,-0.5717467377215189,0.05510303480505192
23.5,-0.5626237218613971,0.0609775038437599
23.75,-0.548675272832124,0.06793100738924537
24,-0.5299659979013791,0.07665594142087055
24.25,-0.5108009559339853,0.08779205836017613
24.5,-0.491106606428998,0.1008388439710418
24.75,-0.4624144654226215,0.1130381161993567
25,-0.4173768487293132,0.1197676151163263
25.25,-0.3621137334972528,0.1171387163179778
25.5,-0.3136513927371278,0.105080767385751
25.75,-0.2833274664187537,0.08793033503961313
26,-0.266543759819862,0.07151632831208576
26.25,-0.2513856323558513,0.05922730241964522
26.5,-0.2337013431547548,0.05060985511993844
26.75,-0.2191024919646991,0.04334183221493104
27,-0.2119160133499638,0.03605726826438806
27.25,-0.2083435214738374,0.02921175738944246
27.5,-0.202461822675048,0.02383258373827457
27.75,-0.1943891746530102,0.02015491456599405
28,-0.1885891317015028,0.01757710075298005
28.25,-0.1863757708213295,0.01544709063101805
28.5,-0.1844877337040744,0.01348884252712403
28.75,-0.1807902144192818,0.01160156539248223
29,-0.1773387641794331,0.009639391820645209
29.25,-0.1764869440653862,0.007516325082862399
29.5,-0.1770365269164333,0.005321580414961598
29.75,-0.176450228986969,0.003154797959703977
30,-0.1748777146900076,0.0009213038506736687
30.25,-0.1744206336531402,-0.001560020790769558
30.5,-0.1754904537763911,-0.004265015947088994
30.75,-0.1765702439059335,-0.006931574452112932
31,-0.1772875485043046,-0.009381524658488382
31.25,-0.1790695314739626,-0.01177246780235469
31.5,-0.1823370867473805,-0.01440985668818324
31.75,-0.1855830041474338,-0.01733787029998403
32,-0.1883225382408533,-0.02027259886727607
32.25,-0.1926069248794291,-0.02305136723026992
32.5,-0.1997871030843429,-0.02609290555189362
32.75,-0.2078265982110361,-0.03025579687581986
33,-0.2145703871494481,-0.03615865684566125
33.25,-0.2223733267859377,-0.04371482327869176
33.5,-0.2358799595041966,-0.05245215656148142
33.75,-0.2552421688604332,-0.06224645232108475
34,-0.2757131259394786,-0.07348928102342081
34.25,-0.2959267389575568,-0.08625394014202638
34.5,-0.32276860609795,-0.09920506718564973
34.75,-0.3635284603027935,-0.109488127401997
35,-0.4142691683622537,-0.114020802020225
35.25,-0.4606545359440685,-0.1113038679478281
35.5,-0.4917270831298212,-0.1023736137245072
35.75,-0.5097709627518909,-0.09022363674466542
36,-0.5247675314249991,-0.07817930371733883
36.25,-0.5420655115849374,-0.06834819219991344
36.5,-0.5588559845886049,-0.06105584936981996
36.75,-0.5712634668295341,-0.05541476779960521
37,-0.5804450632411529,-0.05042000430629749
37.25,-0.5903460787336423,-0.0457119873751557
37.5,-0.602357114307249,-0.04156629135173007
37.75,-0.6146273687309516,-0.03838924146153971
38,-0.6255389488878356,-0.03633480472645558
38.25,-0.6357149472196867,-0.03532627679197945
38.5,-0.6467260684091969,-0.03523755624047263
38.75,-0.6593885342021569,-0.03591192939585915
39,-0.6736403136652969,-0.03706634792261239
39.25,-0.6890222229757084,-0.03835175806527218
39.5,-0.7047712666689607,-0.03959683233169556
39.75,-0.7199424591894975,-0.04093435813518295
40,-0.7337413608907989,-0.04258974411122362
40.25,-0.7455949165329047,-0.0445103185283778
40.5,-0.7552015630868626,-0.0462246278009899
40.75,-0.7630769920077234,-0.04710204179601228
41,-0.7707088599685218,-0.04679638543800364
41.25,-0.7792296731791776,-0.04548584799485167
41.5,-0.7880361155633714,-0.04369529021093627
41.75,-0.795810671274905,-0.04185563936586619
42,-0.8029204970636691,-0.04000985175072598
42.25,-0.8113006825173059,-0.03793940169536868
42.5,-0.8214155063786519,-0.03552881317204353
42.75,-0.8310612806956199,-0.03291255218678722
43,-0.8385885567484859,-0.03025467916797183
43.25,-0.8458592018906761,-0.02754446854612694
43.5,-0.8557589453993105,-0.02477945469955955
43.75,-0.8674342743397315,-0.02228161259015569
44,-0.876679080851145,-0.02056165650893926
44.25,-0.8813673869560148,-0.01973490510429139
44.5,-0.8838353256770288,-0.01925599231478891
44.75,-0.8867297613822586,-0.01848369970833957
45,-0.8890839182173649,-0.01748446811673589
45.25,-0.8886668499102473,-0.01704122137032645
45.5,-0.8860856105694063,-0.01778628541397373
45.75,-0.8833350909397748,-0.01950942495857522
46,-0.8793703581535617,-0.02147023218789008
46.25,-0.8710061156514982,-0.02327804307082757
46.5,-0.8585142519257822,-0.02528740370746622
46.75,-0.8463577317911067,-0.02818460742944417
47,-0.8366912618486999,-0.03238203169091442
47.25,-0.8258020509961793,-0.03782056926455698
47.5,-0.8100100037698744,-0.04413843160532097
47.75,-0.7920108001801085,-0.05089123944484651
48,-0.7767948583589401,-0.05770826423614475
48.25,-0.7629636563125196,-0.06436185067513367
48.5,-0.743972337654598,-0.07067115312190925
48.75,-0.7186854875520918,-0.07637500789773587
49,-0.6945682379393369,-0.08135368990327481
49.25,-0.6768454963486822,-0.08615829914678699
49.5,-0.6592947628565328,-0.09204929532238848
49.75,-0.6315455347728196,-0.09998832734154144
50,-0.5930717734366662,-0.1094437444587797
50.25,-0.5531483697309355,-0.1185686636034045
50.5,-0.5168027893324071,-0.1258666863811424
50.75,-0.4779822214671738,-0.1314729092190663
51,-0.4300171180992006,-0.1364781234787034
51.25,-0.3769752345913361,-0.1412029369709669
51.5,-0.3283963989386832,-0.1446502567902065
51.75,-0.2855564164028004,-0.1456186859226422
52,-0.2401984919030275,-0.1436317030887412
52.25,-0.1875737977987088,-0.1383526849362455
52.5,-0.1345291546296612,-0.1287544571227546
52.75,-0.09163151184300951,-0.1139827853886301
53,-0.06159192911634753,-0.09530017493262612
53.25,-0.03941702635194087,-0.07635360036692962
53.5,-0.02095744347568967,-0.06070172019096747
53.75,-0.006223080141381344,-0.04910124655494774
54,0.004780595903955948,-0.03963096799337747
54.25,0.01415194486312383,-0.03037378375303186
54.5,0.0225706557439898,-0.02143864174280454
54.75,0.02757067468571444,-0.0142735238896747
55,0.02776593159613401,-0.009656551819569956
55.25,0.02623374399738323,-0.006945563507320271
55.5,0.02698486710351313,-0.005064937556500065
55.75,0.02974549929496446,-0.003561210391219875
56,0.03114617152769909,-0.002510872419700634
56.25,0.03018026794807247,-0.001872243932906197
56.5,0.02935630414260923,-0.001360444488820683
56.75,0.03036202235297313,-0.0008323018037364353
57,0.03162521001102372,-0.0004273665386809041
57.25,0.03131382894877435,-0.0002688008291504687
57.5,0.03034046553316495,-0.0002513375498600148
57.75,0.03058012884444854,-0.0002176280210986682
58,0.03172852622284838,-0.0001797393466459808
58.25,0.03203574137418505,-0.0002372692520066597
58.5,0.03130650561756346,-0.0003724506024307284
58.75,0.03104764241349616,-0.0004637062350644336
59,0.03182727848092378,-0.0004648879467000686
59.25,0.03244328866043725,-0.0004457329641500986
59.5,0.03204977253893533,-0.0004496463435214113
59.75,0.03145062754046475,-0.000418322243362387
60,0.03158382424129137,-0.0002967534676648371
60.25,0.03203362032588676,-0.0001348311953756561
60.5,0.03195663594375948,-2.516621560476155e-005
60.75,0.03151350998713687,1.497837159396691e-005
61,0.03138914507103853,3.743372256054233e-005
61.25,0.03157291352206734,6.001672797771355e-005
61.5,0.03159497849500565,3.27744596956853e-005
61.75,0.03148872538404365,-8.873363490881826e-005
62,0.03158153895876979,-0.0002973686266774374
62.25,0.03171905056268903,-0.0006031395712131263
62.5,0.03162867477729989,-0.001117934566525613
62.75,0.03168317040253421,-0.002008492367147051
63,0.03227041500083479,-0.003353342037225907
63.25,0.03277148034512139,-0.005143880620857985
63.5,0.03247855640168922,-0.007596520242852676
63.75,0.03229470992647286,-0.01155245344299675
64,0.03366890123813316,-0.01842187927956865
64.25,0.03525036397673728,-0.0293868766794455
64.5,0.03232137580048919,-0.04436706001610652
64.75,0.02092634498130339,-0.06175360225372568
65,0.001786316807497698,-0.07936812729589406
65.25,-0.02062752992841251,-0.09590126657278153
65.5,-0.0415212834558133,-0.1115687730210838
65.75,-0.05706467072690184,-0.1275512512399383
66,-0.06426332144580291,-0.1449777264645086
66.25,-0.06268124208861546,-0.1643525973346098
66.5,-0.05590863167808018,-0.185438132740134
66.75,-0.04793552488013565,-0.2070857513599029
67,-0.0371927792776444,-0.2270811810721001
67.25,-0.01751686875182644,-0.2427013034531091
67.5,0.01279480100577548,-0.2521251227217556
67.75,0.04580019955699331,-0.2556052162411877
68,0.07150546307820994,-0.2551222623621579
68.25,0.08936523739445061,-0.2526554914791397
68.5,0.1080723674415045,-0.2486518762807098
68.75,0.133773970761144,-0.2420507324156119
69,0.1628083873688571,-0.2316037315199828
69.25,0.1878189452709273,-0.2170703757002845
69.5,0.2069224838658662,-0.1992906010048886
69.75,0.2230616661879325,-0.1794118362634566
70,0.2369007885607286,-0.1582417094199549
70.25,0.2455436388197004,-0.1362971929757713
70.5,0.2483061271525288,-0.1142790691471935
70.75,0.2490494492752787,-0.09329662803178807
71,0.2509006706275794,-0.07449584128817928
71.25,0.252123825202253,-0.0584165953509885
71.5,0.2499657108228109,-0.04473958124644576
71.75,0.246123413276135,-0.03270345861494781
72,0.2448848313427109,-0.0217478537064269
72.25,0.2469625284319174,-0.01170159269490491
72.5,0.2489246013201941,-0.002412907092519767
72.75,0.2490920017381736,0.006593582159118373
73,0.2506907490509761,0.01595050797241292
73.25,0.257654345478915,0.02604134769454955
73.5,0.2697142686329546,0.03696146569425977
73.75,0.2838293286666339,0.04886622199177939
74,0.299277992158965,0.06203594519236688
74.25,0.3192962602154227,0.07624449207859772
74.5,0.3479117515551757,0.08999283230251728
74.75,0.3861105873411615,0.1006008847793177
75,0.4301304014754004,0.1054175168946413
75.25,0.4721675948145424,0.1033175143619835
75.5,0.5041530413346239,0.0953722049376832
75.75,0.5236428945330516,0.08427472894840876
76,0.536189304340508,0.07299018104366561
76.25,0.5496533971032933,0.06349028811892864
76.5,0.5657506237226291,0.05624296476107313
76.75,0.5795002474988947,0.05060362471222025
77,0.5875844608033479,0.04568643100285455
77.25,0.5939035009510643,0.04103865651554706
77.5,0.6042339755792892,0.03674037808459606
77.75,0.6178920229414634,0.03312861067065961
78,0.6289338400727913,0.03056828622002015
78.25,0.6351991640146288,0.02936914434476535
78.5,0.6417619888453229,0.0296306869363511
78.75,0.6538954606373052,0.0309940227841609
79,0.6702107952822578,0.03265613262596293
79.25,0.685593589552421,0.03385858010858465
79.5,0.6984440275801656,0.03445152590384706
79.75,0.7111978986006102,0.03490186817675234
80,0.7246192322782614,0.03569222187485128
80.25,0.7357938180446598,0.03676211389206229
80.5,0.7428062778804745,0.03757299851286178
80.75,0.7480651511391745,0.03764268786891915
81,0.7548405952906337,0.03692653379765151
81.25,0.762699957050233,0.03571462917450621
81.5,0.7689667464150084,0.0342774410330525
81.75,0.773455221430438,0.03265173862367363
82,0.7788764407191076,0.03069487253967992
82.25,0.7866860552305403,0.02827847319490149
82.5,0.7951963285349101,0.02544859189887362
82.75,0.8025536299239371,0.02243662233454057
83,0.8094005835986169,0.01950132489906639
83.25,0.8172184492829813,0.01674433712023658
83.5,0.8256321982953965,0.01412460348320129
83.75,0.8331714150792584,0.01169364074548326
84,0.8398463464921337,0.009748341189016678
84.25,0.8470141971299244,0.008621323861207206
84.5,0.8547614362097301,0.008286863223975739
84.75,0.8611341715764572,0.008277314916459722
85,0.8644588868928665,0.008079511805467067
85.25,0.8651720012614245,0.007568534775417627
85.5,0.8646804254541197,0.006957106076377095
85.75,0.8634071810938363,0.006346510934399978
86,0.8608499370255667,0.005479050250347573
86.25,0.8569222743536484,0.00403061915496949
86.5,0.8522704745395053,0.002083449862467251
86.75,0.8475671216761007,0.0001837386647157415
87,0.843362536274461,-0.001106724217201247
87.25,0.8404670638186079,-0.001669513484608684
87.5,0.8395359637140436,-0.001831038850099018
87.75,0.8401405603416031,-0.001971813437212104
88,0.8411203904655963,-0.002184745351376907
88.25,0.8422752406761757,-0.00227943864365691
88.5,0.8449962144716126,-0.002037113013613451
88.75,0.8504779494192686,-0.001431811250188022
89,0.8575876909696748,-0.000655722886035206
89.25,0.8633074795143341,8.047641130874828e-006
89.5,0.8655356588431024,0.0003413016639524099
89.75,0.8650600869071303,0.0002915505061320193
90,0.8644389744036725,-9.488006271351173e-006
90.25,0.8650437860846558,-0.0003090124233194315
90.5,0.8655115487772456,-0.0003533833872734838
90.75,0.8632850776586563,-1.192073379404581e-005
91,0.8575734145041611,0.0006563601016321027
91.25,0.8504751192518085,0.001426387832659279
91.5,0.8450006361833511,0.00201637329489631
91.75,0.8422700452320755,0.002243712171685997
92,0.8410836304730213,0.002144196295496542
92.25,0.8400629197502646,0.001941364207727258
92.5,0.8394306202963979,0.001825120213214694
92.75,0.8403675286032861,0.001693031147268795
93,0.8433180316242326,0.001138072638753497
93.25,0.8476261889984444,-0.0002055810885816508
93.5,0.8524312783965081,-0.002244082178764115
93.75,0.8570727185880444,-0.004389797602506834
94,0.8607737039195119,-0.006010342753751622
94.25,0.8628972521362205,-0.006911544884415387
94.5,0.8636945706932013,-0.007345239813113315
94.75,0.8639109584846818,-0.007595825022837373
95,0.8633057720070149,-0.007701049647167916
95.25,0.8604830939534972,-0.007645189174326682
95.5,0.8548089400723699,-0.007702965552696032
95.75,0.847612507651339,-0.008394712919224742
96,0.840532048867928,-0.01003634653146958
96.25,0.8334071205202711,-0.01242569993654122
96.5,0.8251200433560009,-0.01505325658518588
96.75,0.8160426432248793,-0.01758148209836059
97,0.8078955355471332,-0.02004991196238512
97.25,0.8010477076430409,-0.02264781302646196
97.5,0.7938577277779302,-0.02539305824633116
97.75,0.7855352751185843,-0.02807092080928272
98,0.7778668946715555,-0.03042672647440659
98.25,0.7725348455123255,-0.03236726727774762
98.5,0.7681146836999433,-0.03399007367456537
98.75,0.7619364003162387,-0.03543207365355462
99,0.7541892253215971,-0.03665866612583057
99.25,0.7475035866683689,-0.03739516880784122
99.5,0.7422823815914249,-0.03734562392671761
99.75,0.7352974554996702,-0.03655669015730423
100,0.7241970233797825,-0.03551599785090973
100.25,0.7108733919559687,-0.03475923917010023
100.5,0.6981648383863469,-0.03433694405709949
100.75,0.685299965032611,-0.03376309545521089
101,0.6699227717184773,-0.03257835885452662
101.25,0.6536717860813678,-0.03093878184060385
101.5,0.6415902099053293,-0.02959812878698149
101.75,0.6350002141335069,-0.02935182142406221
102,0.6286814433537865,-0.03055899166034674
102.25,0.617648536867107,-0.03312270713703057
102.5,0.6040366366701437,-0.03672658607597148
102.75,0.5936953114730798,-0.04099616836211011
103,0.5873240467307528,-0.04560187557455632
103.25,0.5792772214833394,-0.0504908935491412
103.5,0.565693375632534,-0.05613894957602097
103.75,0.5497445836038905,-0.06342778231611736
104,0.5362740797825136,-0.07297537245820485
104.25,0.5236283131451492,-0.08428639358909222
104.5,0.5041046000622379,-0.09537497101170163
104.75,0.4721838113806318,-0.1032780385562185
105,0.4302248034945231,-0.1053212884391897
105.25,0.3862797374227225,-0.100462190392862
105.5,0.3482300560919024,-0.08984383259232823
105.75,0.3198477809341822,-0.07610893679712048
106,0.3000538430080268,-0.0619166536086817
106.25,0.2848006901729537,-0.04875687842933707
106.5,0.2709664560626706,-0.03685247720094122
106.75,0.2593193798379805,-0.02589960167294182
107,0.2527544635021295,-0.01571292952629973
107.25,0.2514029405489073,-0.006221752568461498
107.5,0.2514059134595643,0.00285860910890311
107.75,0.249647950292124,0.01207252837189835
108,0.2476712373109066,0.0219189968091363
108.25,0.2486603657208506,0.03265893084677671
108.5,0.2519513565690985,0.04451633423448088
108.75,0.2535975026918328,0.05796845641668461
109,0.2520442464211175,0.07363810616940215
109.25,0.2497675446998233,0.09176865174063949
109.5,0.2482723338344257,0.1118196766000399
109.75,0.2447607456447169,0.1327053139086266
110,0.2360923525044193,0.1535541912018913
110.25,0.2234647060195086,0.174223607513242
110.5,0.2097288937794467,0.1949033142423745
110.75,0.1935373376726082,0.2150913999023543
111,0.1705816328028742,0.2331045214142833
111.25,0.1411768219216333,0.2469409832544748
111.5,0.1123439613295995,0.2558080199411789
111.75,0.08972654171207425,0.2606036806810343
112,0.07012652113420365,0.2625837414392983
112.25,0.04554633599290838,0.2615528303030095
112.5,0.01371923913713281,0.2556862732284752
112.75,-0.01856449908206384,0.2433590457029931
113,-0.04268940443873813,0.2250628014989204
113.25,-0.05596877674745784,0.2034089059355094
113.5,-0.0614797472936396,0.1814089405173923
113.75,-0.06281666492234538,0.1609429854551193
114,-0.06083807833849,0.1426123856361227
114.25,-0.05413582073312533,0.126314196469889
114.5,-0.04084626907642584,0.1114150669973604
114.75,-0.02078068172535693,0.09663539122707184
115,0.002522910800610939,0.08057913137064249
115.25,0.02234935418458145,0.06295626011232615
115.5,0.03330513059833052,0.04526523385736106
115.75,0.03568172611877667,0.02997250366808322
116,0.0343581870744494,0.01882624178691537
116.25,0.03348864679927381,0.01185882247471575
116.5,0.03353549501757002,0.007810771666776957
116.75,0.03331209420857443,0.00527593501724381
117,0.03276324820842026,0.003449409845732554
117.25,0.03259372111897711,0.002101945635539115
117.5,0.03266104494893891,0.001197660306713485
117.75,0.03237049214578777,0.0006493030745510828
118,0.03198916211960833,0.0003205420887722322
118.25,0.03216047930755658,0.0001135180546829724
118.5,0.03255078673213682,-4.084983088420303e-006
118.75,0.03235010106098547,-4.377122083602746e-005
119,0.03184569229535345,-3.665712338600959e-005
119.25,0.03204967137644419,-1.329623708113812e-005
119.5,0.03281885957440402,3.768883305507927e-005
119.75,0.03290839827237702,0.0001489731587711608
120,0.03214822380791258,0.0003030880964778689
120.25,0.03191733845599822,0.000423703583095649
120.5,0.03279028843198348,0.0004646963174112599
120.75,0.03335349801925721,0.0004660718813228827
121,0.0325136278115972,0.0004770077955527606
121.25,0.03149889229310038,0.0004641740829338372
121.5,0.03190352069130377,0.0003683892234473291
121.75,0.03289639318923896,0.0002281486428532674
122,0.03251252560820307,0.0001500545075639355
122.25,0.03107945411117233,0.0001500943448256798
122.5,0.03083783269599648,0.0001358731693870766
122.75,0.03209686081772473,8.912480438380241e-005
123,0.03249831635732933,0.0001423555276981038
123.25,0.03101165156271291,0.0003785766801061665
123.5,0.02996323223341402,0.0006752513537808606
123.75,0.0312290218371626,0.0009140505305555949
124,0.03274047453475228,0.001266089769993803
124.25,0.03160652789911699,0.002049139949821686
124.5,0.02917724011875719,0.003361721381837711
124.75,0.02939585424210766,0.005234650376163481
125,0.03235765556275792,0.008278795870572508
125.25,0.03320813490968729,0.0137086358065656
125.5,0.02835120187917386,0.02215517845026204
125.75,0.0193249661515491,0.032586329119216
126,0.008785798063894321,0.04313674368689739
126.25,-0.00402226776715316,0.0533650567155364
126.5,-0.02097924746844167,0.06514954357035789
126.75,-0.04135696459083878,0.08061391563568278
127,-0.06477458636053547,0.09917592760901098
127.25,-0.09593644336197532,0.1172411211794346
127.5,-0.1403664744203696,0.1310377964653395
127.75,-0.1946810465327409,0.1393645811719513
128,-0.2471019336820356,0.1434096400861693
128.25,-0.2908472372585413,0.1446067759449904
128.5,-0.3321670837618034,0.1435473353295247
128.75,-0.3802535749943475,0.1408166992753705
129,-0.4330374959897385,0.1377074701670805
129.25,-0.4801646959482906,0.1352359557263197
129.5,-0.5188747805068639,0.1327676191687846
129.75,-0.5582749458475508,0.1284563873766619
130,-0.6047298315452551,0.1212918581254682
130.25,-0.650399508057107,0.1122930059114998
130.5,-0.6830366225070237,0.1034238453932991
130.75,-0.7031520444573794,0.09562645381577113
131,-0.7232503259242425,0.08822607390211086
131.25,-0.7504288550591614,0.08005673571646774
131.5,-0.7777727839137349,0.07073982452026013
131.75,-0.7958577637245358,0.06084085092808068
132,-0.8060858143734225,0.05119120058027919
132.25,-0.8169852037962475,0.04235165189967482
132.5,-0.8313124937857825,0.03460123297596746
132.75,-0.8438906754307609,0.02815092805233473
133,-0.8514863699961119,0.02324150648836946
133.25,-0.8580117909301909,0.02003483548154852
133.5,-0.8677736787391693,0.01837163476268969
133.75,-0.8786768570338041,0.01762991860542703
134,-0.8858319366636647,0.01699187578510103
134.25,-0.8887354437284405,0.01606603172122627
134.5,-0.8906841324052937,0.01524406157555475
134.75,-0.8927167001930561,0.01525218770704009
135,-0.892537957251095,0.01627256438444759
135.25,-0.8893382402671264,0.01765374911147778
135.5,-0.8855303511989011,0.01860849132397773
135.75,-0.8823953687745564,0.0190875777891482
136,-0.8773742366127351,0.01979885044185795
136.25,-0.8680188801930382,0.02141303035212257
136.5,-0.8563705616284197,0.02394199119955724
136.75,-0.8465915891850591,0.02691456109761119
137,-0.8393975193267119,0.02993071373596837
137.25,-0.8317235465691835,0.03286210202361174
137.5,-0.8217049138130578,0.03562920868595157
137.75,-0.8112026418194014,0.03805731675788752
138,-0.8026203508286177,0.04005643549854105
138.25,-0.7954946537204853,0.04180161909330789
138.5,-0.7877640609067033,0.04356335695242449
138.75,-0.7789906700169383,0.04533480232627404
139,-0.7705248819004769,0.04670321258656479
139.25,-0.7629999685852501,0.04714487465718777
139.5,-0.7552069715588734,0.04645824019852392
139.75,-0.7454962194665684,0.04492154009171213
140,-0.7332544377473926,0.04305300474366292
140.25,-0.7189199192348218,0.04122894917985873
140.5,-0.7034316446894204,0.0395207663731161
140.75,-0.6879001915073518,0.03786589465784311
141,-0.6732032841459164,0.03633903873637505
141.25,-0.659657828765947,0.035208150666795
141.5,-0.6473088240209095,0.03474526805737415
141.75,-0.6362142391123334,0.03507029845369813
142,-0.6258776426662139,0.03623059772234505
142.25,-0.6149634000631316,0.03835336782849587
142.5,-0.6027881545926906,0.04157398703319265
142.75,-0.5907992098496379,0.04577682910608987
143,-0.5808146431411962,0.05054854186276748
143.25,-0.5715322540657735,0.05558604578943923
143.5,-0.5590494430714715,0.06123049055791706
143.75,-0.5421804399562081,0.06848943002146304
144,-0.5248127241961669,0.07827366469499864
144.25,-0.5098228907199131,0.09029136222799127
144.5,-0.4918614677369012,0.1024570169649364
144.75,-0.4608319542158793,0.1114362226470716
145,-0.4143567902967618,0.1142010102980729
145.25,-0.3634482268220222,0.109684297104898
145.5,-0.3225731895897004,0.09937991032362591
145.75,-0.2957115083046334,0.08638517274795708
146,-0.2755067909560358,0.07357382503198706
146.25,-0.2550277979981493,0.06230138419003748
146.5,-0.2356828124605832,0.05251975313420784
146.75,-0.222245410259658,0.04385313072690569
147,-0.2144639376915895,0.03639878377693457
147.25,-0.2075445164271243,0.03054756656591878
147.5,-0.1991404499927758,0.02629625640549401
147.75,-0.1916509672965745,0.02300853260131344
148,-0.1874047487779968,0.01992335458954438
148.25,-0.185105662122531,0.01678674168477119
148.5,-0.1824391891586133,0.01388062042071624
148.75,-0.1795298265345675,0.01147624329405986
149,-0.1777278906732186,0.009398305123087241
149.25,-0.1767417466353119,0.007191439881192664
149.5,-0.1753790624907268,0.004627517025123622
149.75,-0.1741367348320463,0.001912643721224878
150,-0.1745062266949545,-0.000622105679306528
150.25,-0.1760080872331136,-0.002908310333947024
150.5,-0.1765159157612956,-0.005124624000308491
150.75,-0.1758916069916886,-0.007379527669248313
151,-0.1766855828967062,-0.009580216733074702
151.25,-0.1801030179209085,-0.01164035507785889
151.5,-0.1837940691758501,-0.01365556789049019
151.75,-0.1857095051422482,-0.01577892347898619
152,-0.1880202628750875,-0.01808939883901698
152.25,-0.1940636393821604,-0.02079881992136894
152.5,-0.2025620552828216,-0.02447654582684173
152.75,-0.2089323884637329,-0.02967530068772476
153,-0.2128027126831791,-0.03618849597018566
153.25,-0.2199145449379994,-0.04309433317919387
153.5,-0.2341287645193624,-0.05006891567124415
153.75,-0.2513495018676146,-0.05856718781133386
154,-0.2661436326586337,-0.07091711679342888
154.25,-0.282700074238677,-0.08750683238235267
154.5,-0.3129244576162767,-0.1048591710558936
154.75,-0.3614251919866994,-0.1170784066427981
155,-0.4168268389033482,-0.1198008630639291
155.25,-0.4619846799740128,-0.1131029667936966
155.5,-0.4906987374423398,-0.1008950776003506
155.75,-0.510374221105476,-0.08782071427523083
156,-0.5295733902773495,-0.07664901762166791
156.25,-0.5483427875266486,-0.06788237053297047
156.5,-0.5622729718362466,-0.06088281499777189
156.75,-0.5712939775387887,-0.0549642441883442
157,-0.5801664155067479,-0.04978042630169897
157.25,-0.5919526528508166,-0.04527464539016463
157.5,-0.6050075738674866,-0.0415298879758328
157.75,-0.6165228069467834,-0.03861864276199916
158,-0.6260155627291324,-0.03654419364146812
158.25,-0.634676310144252,-0.03533546298139145
158.5,-0.643876595811092,-0.03510845464924677
158.75,-0.6554400175670994,-0.03587257752893291
159,-0.6710542037635217,-0.03727174273307204
159.25,-0.6896511272796289,-0.03870330453304622
159.5,-0.7070892248119156,-0.03981288222545891
159.75,-0.7204440312223692,-0.04077035767119859
160,-0.7313275227818905,-0.04192643763505254
160.25,-0.7428194537782167,-0.04326322817680152
160.5,-0.754427081099634,-0.04434440828747961
160.75,-0.7631657325817038,-0.0448018218936229
161,-0.7691281641930294,-0.04470406601602364
161.25,-0.7761335248203742,-0.04437376011530322
161.5,-0.7858266169572764,-0.04395942614263487
161.75,-0.7949119648669325,-0.04328870043828419
162,-0.8007592056512465,-0.04207188209870459
162.25,-0.8065646042030736,-0.04014772841545369
162.5,-0.8169684268636253,-0.03758044214270863
162.75,-0.8304279214961766,-0.03463321568002956
163,-0.8409113734816461,-0.03162965554524326
163.25,-0.8470545508226187,-0.02872734622537271
163.5,-0.8543120124265556,-0.02583174393746926
163.75,-0.8661350206773713,-0.02286030859387479
164,-0.8779901235407224,-0.02009924063452192
164.25,-0.8840775904072818,-0.01811425667664344
164.5,-0.8862561995156855,-0.01720333946193441
164.75,-0.8906897846707504,-0.01710835984268429
165,-0.8973544611297507,-0.01746310416380707
165.25,-0.8993735049280552,-0.01838372526539396
165.5,-0.8934831610746855,-0.02025622996849772
165.75,-0.8847893132949046,-0.02287133544793917
166,-0.8781785489345632,-0.02515817454852505
166.25,-0.8706664873830738,-0.02615800221718689
166.5,-0.8574737320070571,-0.02618697799376843
166.75,-0.8416304139770028,-0.02669939910976939
167,-0.8304414236775074,-0.02893466626361346
167.25,-0.823820627528999,-0.03295909444331276
167.5,-0.8138716663394003,-0.03812541116185315
167.75,-0.797296814138547,-0.04410112241094648
168,-0.7805670221994768,-0.05103599363810806
168.25,-0.7687913258018404,-0.05884159436969397
168.5,-0.756296023713383,-0.06684753092211103
168.75,-0.7352002300592138,-0.07445180298342563
169,-0.7086625362214034,-0.08181856575787921
169.25,-0.6862066182966764,-0.0895203369210603
169.5,-0.6670905855688515,-0.09753481943536119
169.75,-0.6390066943632848,-0.1050232901911476
170,-0.5966993849684859,-0.1113291720837221
170.25,-0.5520609732051084,-0.1169279069538226
170.5,-0.5177962538605772,-0.1229648059771764
170.75,-0.4877194969066793,-0.1297575667068418
171,-0.4444853562170784,-0.1360234101018848
171.25,-0.3852099245356374,-0.1398517476678772
171.5,-0.3274015126203319,-0.1404434136650603
171.75,-0.2857271934324733,-0.1387347771098411
172,-0.2529859892588107,-0.1362302962580034
172.25,-0.2120548518379865,-0.1332763076351259
172.5,-0.1602330765127387,-0.1285426260202809
172.75,-0.1113309093497673,-0.120180178003239
173,-0.07554569222634526,-0.107472353227179
173.25,-0.04820249802123554,-0.09147099308180261
173.5,-0.02131159377956372,-0.07425164041853513
173.75,0.002937394092286812,-0.05770468606141771
174,0.01703268216290782,-0.04293675011840929
174.25,0.02117746603502057,-0.03046942955118952
174.5,0.02340219396872161,-0.02061612464308767
174.75,0.02810537929805538,-0.01350202783420861
175,0.03178307679444636,-0.008844946836738758
175.25,0.03115345569844669,-0.005948526914478116
175.5,0.02921053964593632,-0.004042317682856266
175.75,0.03011348468964713,-0.002644647376387847
176,0.03261449474624267,-0.001614100303445104
176.25,0.03279273432937425,-0.000935077825370246
176.5,0.03071130160190412,-0.0005349787480645482
176.75,0.02994225428529696,-0.0002939262724837861
177,0.03154423737225755,-0.0001394329237660158
177.25,0.03274639445343867,-6.503927908760991e-005
177.5,0.03186024497416545,-6.932185762384498e-005
177.75,0.03080055400093032,-0.000120183051291467
178,0.03150246866956649,-0.0001844440432917375
178.25,0.03280029604493456,-0.0002584673532382616
178.5,0.03273829497106684,-0.0003468873412040369
178.75,0.03183860399872086,-0.0004269758797100818
179,0.03188513711397577,-0.000461070017314836
179.25,0.03282380820311087,-0.0004436613642772269
179.5,0.03310915052886809,-0.0004102550090150534
179.75,0.03242784455172088,-0.0003865711054355483
180,0.03198117089274588,-0.0003489090588191229
180.25,0.0322837164885894,-0.000258565191760552
180.5,0.03254758963997567,-0.0001243447111477763
180.75,0.03232381284075243,1.629228931889739e-006
181,0.03211347540480498,8.982545413136206e-005
181.25,0.03214739821361818,0.000151594107307099
181.5,0.0320635721603319,0.0001709238262900889
181.75,0.03201057214598072,6.660141805093885e-005
182,0.03252080304940914,-0.0002228806306959811
182.25,0.03306255405771662,-0.0006528570574134177
182.5,0.03254661764491354,-0.001165554719741422
182.75,0.03166996638507959,-0.00187914827715696
183,0.03241354793902903,-0.003082858784048454
183.25,0.03421018950762737,-0.005024835849617382
183.5,0.03353233741988432,-0.007919890839565324
183.75,0.02965304975556929,-0.01242075746047188
184,0.02782504302591352,-0.01998053184696301
184.25,0.03212478265849396,-0.0322259914322941
184.5,0.03634948226527526,-0.04947625787893643
184.75,0.02803286489875296,-0.06988069084585567
185,0.003522936396932111,-0.09043387688013414
185.25,-0.02564933049224488,-0.1091745190856649
185.5,-0.04484271685500814,-0.1264006656047105
185.75,-0.05111347871765797,-0.1436989841216987
186,-0.0516354128534531,-0.1619863357938758
186.25,-0.05049645590806905,-0.1806881695992185
186.5,-0.04386417011062703,-0.1985573808876874
186.75,-0.02833650240512714,-0.2146662190950588
187,-0.00719248957518929,-0.2283081959428045
187.25,0.01477768129276365,-0.2384088887646179
187.5,0.03746831356625628,-0.2438251010389916
187.75,0.06203322192066498,-0.2445058463508431
188,0.08525800010926135,-0.2419421477114741
188.25,0.1033712302356277,-0.2379485504799296
188.5,0.1195374570157646,-0.2329222681120409
188.75,0.1406923003539364,-0.2255505941104838
189,0.166385094609832,-0.2143442127568592
189.25,0.1874729954895863,-0.1993224125074801
189.5,0.1986796609369578,-0.1821202532089285
189.75,0.2064421300329421,-0.1646236481304543
190,0.2192743485125229,-0.1476896471423442
190.25,0.2348478446846882,-0.1310775167796294
190.5,0.2436370534092287,-0.1142621487830081
190.75,0.2434368106539462,-0.09710410768764873
191,0.2422935167197681,-0.07991117784603534
191.25,0.2459198268491247,-0.06322386148515885
191.5,0.2498900497259123,-0.04770740650709875
191.75,0.2484276862625957,-0.03404062777523966
192,0.2446956992289853,-0.0225396521921881
192.25,0.2457224874865132,-0.01272885360612283
192.5,0.2507995656587186,-0.003465117554357224
192.75,0.2530992931791669,0.006221198766764752
193,0.2523569120540214,0.01635820813713014
193.25,0.2574452334450927,0.02634856150341943
193.5,0.273222715118378,0.03624592973958848
193.75,0.2920325336597187,0.04748449217014543
194,0.3046379507923806,0.06175315385210609
194.25,0.315499514699647,0.07870981694621847
194.5,0.3391905942928031,0.09491411192616781
194.75,0.3815876326936745,0.1055314531752159
195,0.4313508642521052,0.1075980500328493
195.25,0.4724287728426342,0.1019310234434624
195.5,0.4999149682398685,0.09208140139340117
195.75,0.5200259846446794,0.08159995684884785
196,0.5385954406030687,0.07218239707535437
196.25,0.5552812302898492,0.06386810232519999
196.5,0.5681130454667573,0.05631630239891539
196.75,0.5782518412681316,0.04960799575788784
197,0.58834749984813,0.04410511959671989
197.25,0.5991896941791326,0.03997462251176336
197.5,0.6099500680796262,0.03700274247760755
197.75,0.619988207279489,0.03476750277160795
198,0.6289372989581468,0.03293327709395796
198.25,0.6365851474763555,0.03145997973270275
198.5,0.6442619418188428,0.03058298183355447
198.75,0.6549452318413878,0.03053530117324916
199,0.670010890067133,0.03124730840345338
199.25,0.686727751738522,0.03236919176571132
199.5,0.7010127498041653,0.03361341908448511
199.75,0.7121910885866053,0.03497306080942401
200,0.7228623921127818,0.03649932980608015
200.25,0.7342270804661816,0.03793699048323537
200.5,0.7442242201945061,0.03876412100427448
200.75,0.7511991095889803,0.03865358088164508
201,0.7569185381367118,0.03777695741476383
201.25,0.7639727498864801,0.03655666735716085
201.5,0.771860604269887,0.03519141662839898
201.75,0.7782059982331335,0.0335418576211868
202,0.7831360284611626,0.03144668121916248
202.25,0.7896125375710992,0.02899832638955769
202.5,0.7989633219434442,0.02644322602410164
202.75,0.8086145758776161,0.02389882866099567
203,0.8156992884762289,0.02126331526582086
203.25,0.8211376722986766,0.0183947933589627
203.5,0.8281465974774301,0.01534066835071291
203.75,0.837611127659715,0.01241575375823412
204,0.8471240998740013,0.01008515245397579
204.25,0.8545839876636213,0.008705957201939091
204.5,0.860638417357769,0.008272673217014541
204.75,0.8666636187396585,0.008389824597682619
205,0.871862980277743,0.008554931472600551
205.25,0.8739487972633586,0.008490443510324656
205.5,0.8722221709819638,0.008154196404731001
205.75,0.8685519541278962,0.007451796716094762
206,0.8650970185440282,0.006110598786370178
206.25,0.8620820623870145,0.003995211745480574
206.5,0.8583888971191638,0.001498895449998376
206.75,0.8537332662203727,-0.0005789958996003528
207,0.8494346025936993,-0.001664544108531546
207.25,0.8469942058280543,-0.001870382974512878
207.5,0.8464844328200409,-0.001767600025458924
207.75,0.8467523676722463,-0.001764741081176776
208,0.8470698673118506,-0.001813060513417758
208.25,0.8481237350297356,-0.001686098685710364
208.5,0.8511371367870468,-0.001382614333651281
208.75,0.8562684416703642,-0.001148740150320342
209,0.8622631429680567,-0.001163585489096524
209.25,0.8675969059959373,-0.001318703710290918
209.5,0.8714908650338707,-0.001331291444208588
209.75,0.8737687515402844,-0.00101942254704435
210,0.8743846962767222,-0.0004453928856782359
210.25,0.8735292038697086,0.0001652080473702919
210.5,0.8716690798556476,0.000608850677386749
210.75,0.8688238834399727,0.0008370999276843245
211,0.8642274916431251,0.0009594346969229021
211.25,0.8576591618924211,0.001135076043613407
211.5,0.8509381598869119,0.001448633690720924
211.75,0.8468296854100883,0.001870213278552176
212,0.8460533018662459,0.002308475443883953
212.25,0.8465410505296663,0.002665246254421125
212.5,0.8464572320595671,0.002822158565885559
212.75,0.8468258380753487,0.002606609134853644
213,0.8497662832045432,0.001830158826321257
213.25,0.854886303596085,0.0004038904424657278
213.5,0.8594299008619685,-0.001560359434432804
213.75,0.8621078592291548,-0.003742472181117631
214,0.864661630940135,-0.005713828024658184
214.25,0.8685834937579574,-0.007119835199268341
214.5,0.8720830353852517,-0.007874526604028612
214.75,0.8722048571990811,-0.008219919961126261
215,0.8689618374513543,-0.008535711036303136
215.25,0.865071492828556,-0.009024321216005819
215.5,0.8616860771407553,-0.009606283861392938
215.75,0.8567421780978949,-0.01018626520854012
216,0.848424063746989,-0.01098657127692965
216.25,0.8383190332017659,-0.01248093033157931
216.5,0.8295039730127924,-0.01491605794941522
216.75,0.8226480862011366,-0.01796967129017679
217,0.8158530391955113,-0.02099575806005801
217.25,0.8078516480054547,-0.02360222442155419
217.5,0.7994702155932586,-0.02589410853110617
217.75,0.79179594763546,-0.02815620188482036
218,0.7846299664656157,-0.0304535048395977
218.25,0.7774321133225512,-0.03264439536916128
218.5,0.7704726702303579,-0.03465027847212348
218.75,0.7641091141331199,-0.03647595107424188
219,0.7578047624204597,-0.03793956105252977
219.25,0.7507383781125204,-0.03863113101723829
219.5,0.7426672214619076,-0.03835959158336108
219.75,0.7334172436997609,-0.03755851848513868
220,0.7224277470150835,-0.0369766894650457
220.25,0.7098933924447701,-0.03685265445955754
220.5,0.6974554732295557,-0.03656189648857875
220.75,0.6862099468091947,-0.03528595385446147
221,0.6747119649842546,-0.03302123213542774
221.25,0.661014022532779,-0.0307688349690215
221.5,0.6464386514218989,-0.02967044177637426
221.75,0.6346813330582029,-0.03005850095330698
222,0.6264870462039649,-0.03142536857217818
222.25,0.6181306989644899,-0.03321994257508557
222.5,0.607063760172406,-0.0355123465687173
222.75,0.5961984180900544,-0.03886004815132451
223,0.5890016466183786,-0.04365744361366622
223.25,0.5822175982515971,-0.04973947978263229
223.5,0.5688082688518689,-0.05663925596832947
223.75,0.5487232006264904,-0.06419204968319901
224,0.5308429704154613,-0.07280598346002833
224.25,0.5201853838230829,-0.08294180388074969
224.5,0.5073111830522433,-0.09402424664014517
224.75,0.4771230009496481,-0.1037034153124019
225,0.4280584019514507,-0.108434717917816
225.25,0.3765445198952769,-0.1053949781384963
225.5,0.3400215261385179,-0.09443378468485436
225.75,0.3199903835999842,-0.07841168018209156
226,0.3052944594291254,-0.06151234143950498
226.25,0.2882573326881318,-0.04686376523523372
226.5,0.2716719391025108,-0.03530515038629203
226.75,0.2608102702673932,-0.0259274425837793
227,0.2551008992725538,-0.01745097085109003
227.25,0.2505326231257875,-0.009134901287843101
227.5,0.2461149780395683,-0.0007825451836562551
227.75,0.2438590816487505,0.007692903733480954
228,0.2442406425609039,0.01658740825091604
228.25,0.2456676090529527,0.02647071999120908
228.5,0.2479592417078902,0.03809901592906381
228.75,0.2525602930971549,0.05222370684157791
229,0.2584824388691915,0.06931230600678583
229.25,0.2612045881414474,0.08929839856773074
229.5,0.2574190338266365,0.1115188625338916
229.75,0.2487243970852461,0.1348825246766632
230,0.2385691168234463,0.1581775871255519
230.25,0.2271551516656719,0.1803685074193066
230.5,0.2118246249311732,0.2007366509717835
230.75,0.1915510424543522,0.2188012565483488
231,0.1682457113297166,0.2341422910079312
231.25,0.1436264409301666,0.2463533760833113
231.5,0.1175397107821079,0.2551540294538841
231.75,0.09016053490662329,0.2603796940592228
232,0.06324060089191212,0.261669238297443
232.25,0.03756927161118252,0.2582216885788592
232.5,0.01158248569404137,0.2492259677592114
232.75,-0.0147567765272348,0.2348881049951072
233,-0.03625838785567027,0.2170508561944288
233.25,-0.04665180058655431,0.1985106647654325
233.5,-0.04697095431709133,0.1814215069443246
233.75,-0.04606147611041977,0.1661832426029232
234,-0.05017647249629578,0.1517013580353385
234.25,-0.05427894082569865,0.1365117197237294
234.5,-0.04719905001656743,0.1196676134845018
234.75,-0.02522841929312555,0.1009845358018044
235,0.002450120357088824,0.08104203956356007
235.25,0.02278448273587739,0.06120160997391001
235.5,0.03091453886306057,0.04332876009219826
235.75,0.03176153590980642,0.02900986952888008
236,0.03189041224051346,0.01876692738069139
236.25,0.0330144987579603,0.01199116086558467
236.5,0.03340145971364117,0.007608740140344594
236.75,0.03242405922278156,0.004763448339299261
237,0.03150594420556493,0.002965639810200615
237.25,0.031641581264869,0.001875648050778038
237.5,0.03211797462323032,0.001181310642142187
237.75,0.03197535000614329,0.0006747844117965015
238,0.03143601873312017,0.0002992373844661433
238.25,0.03127330164116032,5.822267117423271e-005
238.5,0.03154182923300752,-7.155644142464997e-005
238.75,0.03167314032392583,-0.0001231838515683516
239,0.03148152166592059,-0.0001033313264317104
239.25,0.03137389675733402,-1.783934825834481e-005
239.5,0.031598381037019,9.978175174803811e-005
239.75,0.03185910492507405,0.0002168890498655208
240,0.03184046609979193,0.0003291463489774584
240.25,0.03169419265244923,0.0004309122959382746
240.5,0.03172791759288667,0.0004899179321249404
240.75,0.03187744686416127,0.0004867396131417159
241,0.03182747997611995,0.0004504835903777916
241.25,0.03154218001567414,0.0004129639221065956
241.5,0.03132843231762047,0.0003542790961327446
241.75,0.03134571737357726,0.0002476821066857145
242,0.0313631111347565,0.0001371453547089758
242.25,0.03114561451059949,9.984564175214083e-005
242.5,0.03084075052736712,0.0001369258284248481
242.75,0.03074560308160485,0.0001850114240177181
243,0.03082889718691655,0.0002520103356574927
243.25,0.03077871819585889,0.0004456506319908469
243.5,0.03051423822765906,0.0008218431634427561
243.75,0.03034026127229739,0.001314967991385465
244,0.03044490360821476,0.001922975195883217
244.25,0.0304831931058896,0.002875424230296289
244.5,0.02994957311409054,0.004473409065972767
244.75,0.02887995497301855,0.006839262341016475
245,0.02778411090241759,0.01006275910722342
245.25,0.02662193653921213,0.01460379738146942
245.5,0.02404039625380733,0.02121622770405573
245.75,0.0181029682378344,0.03024042228979415
246,0.00802388499725948,0.04122318043198776
246.25,-0.005187506442911561,0.05362469186311229
246.5,-0.02054403554781069,0.06773157714726737
246.75,-0.03978455540913717,0.08415068015940219
247,-0.0673888200938326,0.101997339580452
247.25,-0.10649155946462,0.1181139437774865
247.5,-0.1543360741893302,0.1290194371110986
247.75,-0.2029258537981332,0.133971366263838
248,-0.2456429565817493,0.1356675294136821
248.25,-0.2833505797546322,0.1375097587691659
248.5,-0.322994779634234,0.1403338885239938
248.75,-0.3699074658350311,0.1421114616202517
249,-0.4224134584744165,0.1405795100358856
249.25,-0.4743911288780673,0.135533352292592
249.5,-0.5216641036191689,0.1284642213013324
249.75,-0.5642208771161789,0.120687999838114
250,-0.6029471252764942,0.1125232548836045
250.25,-0.6369416832655706,0.1040787326009721
250.5,-0.6653339463588379,0.09597833376109996
250.75,-0.6898934213254599,0.08883737655604555
251,-0.7134885226263998,0.08238108646603676
251.25,-0.7362771366277815,0.07564486690527296
251.5,-0.7555577849306023,0.06810247288515728
251.75,-0.7699764740245021,0.06025777685789626
252,-0.7821664689924546,0.05299951964828657
252.25,-0.7959989324990917,0.04664407086898931
252.5,-0.8122742294886394,0.04084933149964258
252.75,-0.8285327900784246,0.03532363116047027
253,-0.8425042927170792,0.0303076226898655
253.25,-0.8541408595480233,0.02629531400687645
253.5,-0.8643337153882477,0.0234831613216013
253.75,-0.8733185946490638,0.02162397056655066
254,-0.8809767250182778,0.02031120310966766
254.25,-0.8874009868037041,0.01925790038627022
254.5,-0.8922081358952622,0.01834451438168649
254.75,-0.8942712212726882,0.01757513573725907
255,-0.8932961153812911,0.0170776014705385
255.25,-0.8909165023069963,0.01708506161413704
255.5,-0.8887383221257699,0.01783516817206909
255.75,-0.885624346001244,0.01946235435140876
256,-0.8786947822724642,0.0219476762566276
256.25,-0.8674296261337885,0.02507155086100944
256.5,-0.8551406824116441,0.02836432135192403
256.75,-0.8453259568468341,0.03121769541062676
257,-0.8377754416022917,0.0332382746286739
257.25,-0.8297111770824837,0.03456369285650619
257.5,-0.8199708950974929,0.03574076737526513
257.75,-0.8101965728594561,0.03720803908971412
258,-0.8019269804196388,0.03893548435113629
258.25,-0.7944577267219746,0.04061506516865401
258.5,-0.786438994607488,0.04209113642190947
258.75,-0.7781233953687265,0.04341925912224059
259,-0.7705713966503448,0.04451058861780583
259.25,-0.7633142968736255,0.04497815297728681
259.5,-0.754386822129572,0.04455554316241815
259.75,-0.7427888189480117,0.04357367692971483
260,-0.7297305046096553,0.04273496621773278
260.25,-0.716964497738804,0.04230655900975316
260.5,-0.7046369722329801,0.04173672634517516
260.75,-0.6913917443456288,0.0402981342419436
261,-0.6763228074365095,0.03807328291722667
261.25,-0.6604273403232218,0.0360838737219366
261.5,-0.6460862080813041,0.03535440631995499
261.75,-0.6349452869773922,0.03597621923995548
262,-0.6260678291780998,0.03722226514099304
262.25,-0.6166140549749759,0.0385261146554669
262.5,-0.6050593743775673,0.04020459488804959
262.75,-0.593204866692848,0.04317860324292155
263,-0.5834837659278227,0.04804690412438481
263.25,-0.5744079034853948,0.05447339105687231
263.5,-0.5612490756844243,0.06149864072680064
263.75,-0.5426702540648328,0.06853844899098031
264,-0.5238886184565252,0.07615490758384097
264.25,-0.5093483246202886,0.08566751332753143
264.5,-0.4931705184689553,0.09753004421435246
264.75,-0.4623845880724567,0.1097040780774001
265,-0.4125805012797962,0.1177890716785489
265.25,-0.3567868654617958,0.1174534739820621
265.5,-0.3141569682732976,0.1075107015667629
265.75,-0.2908678609641769,0.09101559297529664
266,-0.2765839135407049,0.07332052548318863
266.25,-0.259615011351512,0.05873596853434363
266.5,-0.2400008381259711,0.04853788755720562
266.75,-0.2249693490787603,0.04152918236906917
267,-0.2165009685726896,0.03598759369955182
267.25,-0.2094133805858427,0.03103845847855149
267.5,-0.2003204644504686,0.0266583250193165
267.75,-0.1921425624638242,0.0229846794121064
268,-0.1880424684861218,0.01989659591136485
268.25,-0.185833544226248,0.017114819183835
268.5,-0.1818579497954465,0.01445172570887378
268.75,-0.177176416420598,0.01187753430932011
269,-0.1755525366241795,0.009415885452003885
269.25,-0.1768014864666829,0.007045526468954059
269.5,-0.1767767648269556,0.00469836138857268
269.75,-0.1740792857379771,0.00231775115585065
270,-0.1723339161402592,-9.577238034003935e-005
270.25,-0.174202681379955,-0.002491212453367457
270.5,-0.1769856498969553,-0.004816861522385675
270.75,-0.1770627300305026,-0.007070973034592623
271,-0.1758503356357468,-0.009312169084729219
271.25,-0.1774680383478548,-0.01162045705293854
271.5,-0.1820395458036713,-0.01404470513020776
271.75,-0.1857770660006787,-0.01660299013220663
272,-0.1876695621835611,-0.01936893066169015
272.25,-0.1914614301885151,-0.02255748444139895
272.5,-0.1994148261829838,-0.026442051547187
272.75,-0.2084259804828822,-0.03109909876961072
273,-0.2156185990781923,-0.0363199216718659
273.25,-0.2243718477422885,-0.04205708654189475
273.5,-0.2397774476681422,-0.04914441257586514
273.75,-0.2597213694288819,-0.05930798525318719
274,-0.2768916749043348,-0.07378363294045399
274.25,-0.2912595443997066,-0.09134318312364174
274.5,-0.314574856298762,-0.1077105331866047
274.75,-0.3572116709547391,-0.1175482190191026
275,-0.412994689571274,-0.1178040828948591
275.25,-0.4627676449582006,-0.1096633468781018
275.5,-0.4935131103723567,-0.09745437995581799
275.75,-0.5096525724277449,-0.08557209900391359
276,-0.5241548292472668,-0.07604870276757664
276.25,-0.5428925789529628,-0.06842729511534572
276.5,-0.5614244998744755,-0.06138912036510483
276.75,-0.5745423739779675,-0.05437303554563327
277,-0.5835872482706503,-0.04796069942285807
277.25,-0.5932843337966863,-0.04310631696606311
277.5,-0.6051181594388141,-0.04014229707778717
277.75,-0.6166548553162686,-0.03846987247806637
278,-0.6260942914403485,-0.0371693651683057
278.25,-0.6349617845522531,-0.0359229921351476
278.5,-0.6460956516250066,-0.03529507855986945
278.75,-0.6604256651858732,-0.03601442533513239
279,-0.676294356315669,-0.03799767802716571
279.25,-0.6913145509383424,-0.04022974215945466
279.5,-0.7044978433115148,-0.04169215546546596
279.75,-0.7167684152253515,-0.04229827568816419
280,-0.729491017456649,-0.04277144169707636
280.25,-0.7425100816844583,-0.0436669213949592
280.5,-0.7540635215210247,-0.04472548484311692
280.75,-0.7629545056093379,-0.04524478038178588
281,-0.7702101905148796,-0.04487837074305723
281.25,-0.7777979244771743,-0.04386898112599087
281.5,-0.7861511729215202,-0.04258797053264536
281.75,-0.7941868526615585,-0.04112299959512819
282,-0.801699710961993,-0.03941813084292192
282.25,-0.8101268684724271,-0.03760974700734599
282.5,-0.820187327059303,-0.03596952017865521
282.75,-0.8302240333086861,-0.03450775426464553
283,-0.8384367000225533,-0.03282273784332055
283.25,-0.8459458623301773,-0.03046438742623075
283.5,-0.8556402989041994,-0.02740391945301074
283.75,-0.8678720153043672,-0.02409210621292119
284,-0.8791943390198647,-0.02111695937904837
284.25,-0.886259884399828,-0.0188780072634406
284.5,-0.8895323534688705,-0.01752261130344784
284.75,-0.8918305224624454,-0.0170208450202378
285,-0.8942180591685088,-0.01720921111258798
285.25,-0.895053475060801,-0.01783006769404626
285.5,-0.8927615935343893,-0.01863552891145278
285.75,-0.8877386090268606,-0.01949039779173277
286,-0.8811634900117734,-0.02040424455185373
286.25,-0.8734527319989622,-0.02156333128549324
286.5,-0.8646220235878037,-0.02339479926860244
286.75,-0.8548616063435928,-0.02646740385042718
287,-0.8436775347798563,-0.0310852052788909
287.25,-0.8295973604749204,-0.03690900116274894
287.5,-0.8123141949635513,-0.04316708852488971
287.75,-0.7944708198430036,-0.04940102919270838
288,-0.7792997914230979,-0.0558765508430675
288.25,-0.7662792791352736,-0.06303140208600311
288.5,-0.7510475028144684,-0.07059425377106973
288.75,-0.730528592947118,-0.07761747155294871
289,-0.7064755813219997,-0.08354585364728062
289.25,-0.6823817884574333,-0.08894811444521535
289.5,-0.6581699321738478,-0.09485159168637661
289.75,-0.6303152208554816,-0.1015387343348512
290,-0.5969524919507006,-0.1085054021026365
290.25,-0.5600706105322738,-0.1156220090932677
290.5,-0.5214510026648196,-0.1236020492908723
290.75,-0.4788549459165412,-0.132667284313695
291,-0.4290946080245631,-0.1410653536765615
291.25,-0.374302819892981,-0.1458957740414038
291.5,-0.3220274134706415,-0.1458805982837211
291.75,-0.2776006399807225,-0.1427745878866488
292,-0.2380831654473143,-0.1392968573001646
292.25,-0.1958352835955587,-0.1357395498149167
292.5,-0.1478109258898219,-0.1293263207336436
292.75,-0.09966795235868395,-0.1172491692661696
293,-0.06033825968113791,-0.09993079036995112
293.25,-0.03380205192161332,-0.08089947709244967
293.5,-0.01689706479094412,-0.06374272543734615
293.75,-0.004050137704390709,-0.04970763559858668
294,0.007441681996910566,-0.03812066283348295
294.25,0.01677754366951136,-0.02826940096626847
294.5,0.02263686996176611,-0.02025143160949313
294.75,0.02546620849899756,-0.01431035225180469
295,0.02696687623835322,-0.01012421316714161
295.25,0.02832568229879006,-0.007045457218882081
295.5,0.02952444379906719,-0.004705602067689539
295.75,0.03011876132099343,-0.003073462351078336
296,0.03014600384118516,-0.002066910857377563
296.25,0.03009585535128444,-0.00141082249128437
296.5,0.03026995300978524,-0.0008850468506495608
296.75,0.03050616097913348,-0.0004892934682889574
297,0.03056007080881419,-0.0002839387355090345
297.25,0.0305115206138885,-0.0002093879546570333
297.5,0.03062016599077176,-0.0001558896134669978
297.75,0.03090488943253142,-0.0001147394780880532
298,0.03111158531571423,-0.000149255007426739
298.25,0.0311146964073197,-0.0002579355335724631
298.5,0.03111733700038619,-0.0003627582367767117
298.75,0.03132324708107091,-0.0004194724215936277
299,0.03159346072060117,-0.0004554325544372004
299.25,0.03164943541905903,-0.0004909657925231206
299.5,0.03151692669989285,-0.000494034176673831
299.75,0.03148546649429418,-0.0004355159343973968
300,0.03162153485368791,-0.0003352859025252385
300.25,0.03163883465419476,-0.0002255899724052888
300.5,0.03138883563435914,-0.000111556375167598
300.75,0.03117198362173651,2.096106879254852e-006
301,0.03127914293622187,8.135439012377659e-005
301.25,0.03147174888577782,9.215449086543467e-005
301.5,0.0313472873964683,2.900749325778129e-005
301.75,0.03108736638273967,-0.000116284459055076
302,0.03126138430355258,-0.0003809499451752836
302.25,0.03181942343387412,-0.0007913189038967889
302.5,0.03198481196170821,-0.001344429181066186
302.75,0.03153153385949082,-0.00210199606997399
303,0.0314327139538234,-0.003287144062479354
303.25,0.03242306411232208,-0.005230605602249978
303.5,0.03351460909890958,-0.008280458283221829
303.75,0.03328151389679031,-0.01292635493316168
304,0.03236738239146415,-0.02003285155930381
304.25,0.03252390529983433,-0.03068762785633488
304.5,0.03199315322691516,-0.04547364521993469
304.75,0.02407066751169181,-0.06375416997787738
305,0.003682109178465908,-0.08375708418751078
305.25,-0.02433120106027022,-0.1034629492087572
305.5,-0.04673122830238743,-0.1215048643439901
305.75,-0.0540627009592004,-0.1374857080181927
306,-0.04992447782356609,-0.1518963366643959
306.25,-0.04566439916525119,-0.1659863164053491
306.5,-0.04654244348568021,-0.1813758422488764
306.75,-0.0461089769680544,-0.1990507262758322
307,-0.03479543303963434,-0.2182113778008774
307.25,-0.01095089260045775,-0.2361446350179473
307.5,0.01880455841574307,-0.2495907271948883
307.75,0.04792008515092825,-0.2565552789366712
308,0.07508899770608081,-0.2570186674448307
308.25,0.1015554146615963,-0.252183058025487
308.5,0.1270557528044739,-0.2433207422261693
308.75,0.150217988810174,-0.2313151835676151
309,0.1707564852959587,-0.216873000706452
309.25,0.1889745985049263,-0.2006969694672708
309.5,0.2041206350375548,-0.1833374473943759
309.75,0.2153430108624857,-0.1650945034288349
310,0.223764735143298,-0.1462506202528916
310.25,0.2314987695341758,-0.1273460762160846
310.5,0.2386073882414033,-0.1090841953559866
310.75,0.2430933627923079,-0.09194526906258498
311,0.2443135803060767,-0.07597841480067091
311.25,0.2443056875206162,-0.06101224582987347
311.5,0.244791748425533,-0.04701596684491111
311.75,0.2449759966415991,-0.03419221144606077
312,0.2440009084666432,-0.02271947100053135
312.25,0.2437094141221667,-0.012459082721892
312.5,0.2464073411956636,-0.002972722871661842
312.75,0.2511288978081144,0.006161664767902479
313,0.2554647582483471,0.01513299615353097
313.25,0.2608025936981814,0.02414213125514407
313.5,0.2716450366507213,0.03391921362830094
313.75,0.2884063158299631,0.0457747933527978
314,0.3053736102741747,0.06065930138941342
314.25,0.3197716261008254,0.07774512799260719
314.5,0.3396660697101296,0.09389680432457474
314.75,0.3763042985856667,0.1049341598789552
315,0.427856393052749,0.1080127343061076
315.25,0.4766985320771573,0.1032938364982737
315.5,0.5066458358567753,0.09360376365461773
315.75,0.5194995599625583,0.08249522954671031
316,0.5302030610395853,0.07233375625150991
316.25,0.5479231773214,0.06370548604096125
316.5,0.5676980084979436,0.05614916854547951
316.75,0.5809217903274841,0.04925210432927656
317,0.5876934806439967,0.04317694607365313
317.25,0.5948286677677509,0.03838762668078883
317.5,0.6054751900342991,0.0350428126531972
317.75,0.6163277431990742,0.03274521842204935
318,0.6246064964819944,0.03094322066577093
318.25,0.6327427792444234,0.02957311022111429
318.5,0.6443086823391178,0.0291816626979556
318.75,0.6586301541351086,0.03026526092094315
319,0.6721785135776068,0.03248887027730051
319.25,0.6836161242800142,0.0347222785925504
319.5,0.6947324227011725,0.03597669313314039
319.75,0.7069363298982067,0.03625480604053674
320,0.7192567021801932,0.03636401411107801
320.25,0.730112142627558,0.03692149842983684
320.5,0.7392145951908788,0.03769128741807044
320.75,0.7470580057017328,0.03793174734208216
321,0.7538890712565457,0.03721631573414228
321.25,0.7600186660453315,0.03574474386683078
321.5,0.7662074809275659,0.03393637034851028
321.75,0.7729288041126949,0.03197255681661719
322,0.7799029801641046,0.02982881207351876
322.25,0.7869631276438625,0.02755254730972574
322.5,0.7945862850561544,0.02526570023963057
322.75,0.8028121015874932,0.02291272158743584
323,0.8105299905033909,0.02024281437798644
323.25,0.8170373351147029,0.01718727936530548
323.5,0.8236534147100809,0.01415631533334064
323.75,0.8321915578609477,0.01179057337010594
324,0.8419607623732662,0.01039192753670842
324.25,0.8500296741849518,0.009690200050622535
324.5,0.8549182423825034,0.009193726329294279
324.75,0.8583215429540442,0.008672176737012472
325,0.8621144518692059,0.008223798938492118
325.25,0.8651649389674941,0.007938737684924313
325.5,0.8649405906631292,0.007625674053786974
325.75,0.8614871898103105,0.006909169232518535
326,0.8576174773253307,0.005543318206535158
326.25,0.8550192328892998,0.003607607384745845
326.5,0.8522876045170305,0.001453865152087835
326.75,0.8477865957125761,-0.0004876523156537075
327,0.8427427956352942,-0.00189498115343045
327.25,0.8397904188654323,-0.002656993057288519
327.5,0.8393456019093901,-0.002863897327071785
327.75,0.8394103339845369,-0.002702863629143908
328,0.8389695960290221,-0.002343071227648222
328.25,0.8397425859170301,-0.001900555259903114
328.5,0.8437531733348433,-0.001473861663482436
328.75,0.8503799067505601,-0.001155775611010874
329,0.8569310569743288,-0.0009767322900416284
329.25,0.8615247264986856,-0.0008519629887444357
329.5,0.8643085542270281,-0.0006225801133015964
329.75,0.866098975873739,-0.0001798000686032186
330,0.866961734553576,0.0004281376334613011
330.25,0.8664012473812728,0.0009992434378925654
330.5,0.8641360331989103,0.001309842135817469
330.75,0.8602181327030287,0.001298630524057332
331,0.8549144099404715,0.001147015939742092
331.25,0.8490157918324505,0.001136210118143206
331.5,0.8439495421050863,0.001373531860109656
331.75,0.8409193872174463,0.001681096767544297
332,0.8398394374935342,0.001816574868917741
332.25,0.839555009533045,0.001784922732890383
332.5,0.8393346936803948,0.001812591148645626
332.75,0.8398393860140648,0.00194333179483133
333,0.8422561967733793,0.001760446422655991
333.25,0.8465891784060367,0.0006844946962090397
333.5,0.85131725925864,-0.001402216505450799
333.75,0.8550237314150202,-0.003922422263457986
334,0.8579589035714806,-0.00606089676003102
334.25,0.8613048524559754,-0.007400101146574961
334.5,0.8648981528587324,-0.008057004783996924
334.75,0.8665895869517675,-0.008304235782455155
335,0.8645220074437712,-0.008249769099285546
335.25,0.8594194037469222,-0.007942773309580724
335.5,0.8535502718777399,-0.007649120447263591
335.75,0.8476760396718417,-0.007856150977190762
336,0.8404840370699633,-0.008971374611038785
336.25,0.8314581995877981,-0.01105086626675716
336.5,0.8226827430236704,-0.01380041804818786
336.75,0.8163274980985882,-0.01678816875031626
337,0.811318583232715,-0.0196853323360677
337.25,0.8045538292030702,-0.02240476377334188
337.5,0.7953568554502609,-0.02505819767061131
337.75,0.7865840294376466,-0.0277412667700986
338,0.7805359138306653,-0.03034031765730775
338.25,0.7757502542563369,-0.03260287981656351
338.5,0.769468519832325,-0.03441781984211361
338.75,0.7617917025159223,-0.03592838989723451
339,0.7550153793644785,-0.03726811521996631
339.25,0.7494129361533336,-0.0382432236491047
339.5,0.7423964694105124,-0.038437937113221
339.75,0.7324168121003685,-0.03768382388052681
340,0.7212018741194549,-0.03630913810083819
340.25,0.7106370964414723,-0.03483673158423108
340.5,0.6994049174183824,-0.03352081465530344
340.75,0.6850412512148629,-0.0323059231018125
341,0.6683773332533388,-0.03119588627284636
341.25,0.6534211559528409,-0.03048253521921803
341.5,0.6427420854929427,-0.03052550906561436
341.75,0.6349897059859753,-0.03139827625780028
342,0.627334533710696,-0.03285826149359728
342.25,0.6184523398353645,-0.03465690820581149
342.5,0.6084304422958596,-0.03683386689181256
342.75,0.597626729184316,-0.03973148661824356
343,0.5867972343754848,-0.04375258968877257
343.25,0.5767653097814068,-0.0490509695388933
343.5,0.5666403199557111,-0.05541804065897755
343.75,0.553948186059984,-0.06258238548121826
344,0.5380068103243791,-0.07073441234559265
344.25,0.5208962494418634,-0.08053586618829822
344.5,0.5021435656555648,-0.09204801279468908
344.75,0.4746982062228093,-0.1032635981230865
345,0.431928325644804,-0.110004365449472
345.25,0.3796137960593916,-0.1081427131782023
345.5,0.3351903435138587,-0.09670754732817088
345.75,0.3108163859693444,-0.07902052335608163
346,0.3005787219855516,-0.06053928115973483
346.25,0.2894060866291602,-0.04522214969014544
346.5,0.2722218704118615,-0.03360168003427388
346.75,0.2576578717462767,-0.02388412550852223
347,0.2530213863310385,-0.01442345402856972
347.25,0.2536240875138641,-0.00501762697641769
347.5,0.251092425099745,0.003775696151177888
347.75,0.2459628119421445,0.01199161001050765
348,0.2449154719161858,0.02068881779313898
348.25,0.2485289476287362,0.03123059655582988
348.5,0.2500244305367425,0.04436282885256543
348.75,0.2465435295176608,0.05991473669125327
349,0.2436872743457925,0.07709922731894107
349.25,0.2453593211541981,0.0949510600305464
349.5,0.245697919606299,0.1126903896670629
349.75,0.23718918813262,0.1300804402920328
350,0.222637090902813,0.1476448727563642
350.25,0.2113760305039883,0.166300546525209
350.5,0.2046484901170567,0.1862935361372359
350.75,0.1927522223879775,0.2062413047484688
351,0.1689153573765136,0.2234575835124787
351.25,0.1392356361951281,0.2356961765383697
351.5,0.1142242073373066,0.2428147635457896
351.75,0.09519295845519983,0.2465869731913124
352,0.07499782875312018,0.2486881198330402
352.25,0.04974200373937623,0.2489108413625187
352.5,0.02306654109882432,0.2454796175125537
352.75,-0.000971203571845876,0.2369873046369316
353,-0.02263341272508769,0.2237386043508864
353.25,-0.04195805523778937,0.2072344730887481
353.5,-0.055135483767859,0.1888524320812693
353.75,-0.05949627762972875,0.1694615709377895
354,-0.05817100778380683,0.1500444811943296
354.25,-0.05474300704220136,0.1318561368639209
354.5,-0.04583471650243625,0.1154301628290217
354.75,-0.02540749805950995,0.09970927938529742
355,0.003421898258418353,0.08284954068735108
355.25,0.0271155281694159,0.06423972184660699
355.5,0.0352797859355635,0.04557385963938961
355.75,0.03157044964215774,0.02970711386872943
356,0.02765635355283616,0.01846136421279512
356.25,0.02931272725863177,0.01156714849475593
356.5,0.03280967299375394,0.007476625907943421
356.75,0.03335461199516011,0.004815128318530058
357,0.03165269567457583,0.002996433354739027
357.25,0.03093990226797503,0.001855573653662943
357.5,0.03170923942707825,0.001174749248402839
357.75,0.03214306649088631,0.0006782673358150482
358,0.03162676992149686,0.0002534761651504102
358.25,0.03115766355135483,-3.677152187680744e-005
358.5,0.03119322766534451,-0.0001431500739558599
358.75,0.03124278257596036,-0.0001264507763284823
359,0.03120528587282805,-7.004319733788984e-005
359.25,0.03142195382027074,1.023649892419561e-005
359.5,0.03163943709853122,0.0001294680911625281
359.75,0.031373932065331,0.0002605494495490355
360,0.03107727369039799,0.0003494778855445926
